25 48 5027 6168 69 381 2696 444 1302 6910 8134 5073 8475 1050 2563 470 4001 6555 1648 7625 5784 5037 6285 3327 5647 4277
25 84 7709 5517 3875 5917 4986 5279 7316 52 7305 754 2205 1982 6204 9181 5607 3801 9455 5549 4367 9873 810 240 1576 4133
25 88 7188 2711 3816 4297 4786 2386 5835 1561 7389 4899 7807 9780 8873 2682 3342 3943 6611 4783 9777 182 7044 5551 8138 6257
25 187 1332 3430 3050 3537 8379 4798 584 7334 586 8646 122 473 8969 3844 3000 1155 7858 8633 413 1184 4180 3028 7702 5230
25 303 4475 7224 7867 1684 6272 9195 5995 5709 8799 4523 2506 2308 1371 9055 3590 5330 5194 5229 1404 4545 265 1479 7818 2410
25 474 7064 6159 4830 1627 8403 629 7613 6238 7949 8767 1073 6733 9244 7753 6511 5807 3706 9279 1070 1545 2877 1536 8959 1359
25 568 8213 2230 3544 4291 6133 4300 9822 2907 1612 492 5730 1314 449 1165 1119 4945 158 2168 3020 5928 9703 1043 9387 8098
25 677 6912 9503 6922 7685 141 9731 9516 3862 2417 9778 4590 6102 4614 1789 7591 3385 5826 8497 3240 2435 8893 3762 1488 8057
25 719 8787 1697 3739 7883 1762 1583 3133 1532 6389 6292 2850 356 3088 4529 6324 205 8600 4022 960 4580 3002 8948 9876 5790
25 837 3697 4635 4011 152 4639 4331 7604 2958 4981 7630 9231 8025 6142 3195 8927 4362 8065 5126 6892 3837 1812 6979 7215 5821
25 1066 4536 4467 7557 4245 8037 7315 9566 5907 2229 3948 6366 2939 3237 4619 5980 2676 5997 9468 8639 7055 5322 5581 9369 3480
25 1178 6656 7804 4482 9018 2482 3524 2035 5700 8326 3356 3625 9824 3567 7839 5336 5149 9892 404 4294 9520 1645 6057 6978 5939
25 1209 1227 9274 4285 9190 1294 5405 6367 8103 6211 5133 2851 6486 8061 9732 2965 7578 3517 4488 351 9243 2886 4901 7568 4177
25 1315 7293 8892 6029 9064 4913 9186 5526 4068 4550 5582 3699 512 7461 9594 9621 8196 6632 1258 8880 1481 6390 5311 7496 8453
25 1335 2324 873 9349 2250 7548 81 7805 5101 4470 6726 7626 2364 5320 4517 1265 7838 2801 4178 7478 6097 8222 2193 7303 1701
25 1515 5971 2975 4826 2470 9033 6971 4105 9611 947 8460 928 3159 877 6286 5132 6309 7336 4480 7181 9953 111 3310 2880 8690
25 1543 6662 6741 1994 7152 7162 826 2867 550 9987 7842 1624 7402 9862 7974 3827 8002 3771 6259 4108 5146 60 4735 7112 5547
25 1560 1447 6053 5955 3414 4990 5382 4969 5105 9299 1747 366 9183 201 1750 8402 4524 9903 7992 7827 8144 7946 7784 1115 6350
25 1757 3333 8548 9252 7464 7732 4355 9478 3211 4085 1756 9498 7999 8565 5655 5456 8231 7908 9529 7491 8295 1133 4310 3853 2203
25 1900 1194 6455 4064 6438 9262 2753 7081 3874 4086 8650 7506 467 9079 5687 8753 6154 1712 1540 747 1788 1467 4697 9782 2322
25 1992 2296 3601 9485 5539 9068 9836 5550 8237 8988 1842 3123 1342 9930 8252 6709 1361 2666 4271 5800 6341 9184 4242 9878 1718
25 2009 9733 8978 1326 4409 5982 9234 2220 8952 3722 4768 3494 6226 1786 2354 1990 7240 358 9713 9443 1490 9555 2683 2698 59
25 2135 6529 9666 2518 4029 4555 4792 6197 2246 7120 5583 5640 8299 8432 9755 5590 1578 1732 3678 2562 5121 6291 6693 82 6721
25 2356 1883 874 601 1175 1676 2362 7103 7508 4566 67 6983 1551 5220 180 6337 1056 336 8032 1426 1582 9223 4886 2656 1082
25 2432 7455 1421 1843 8768 2171 1862 9912 163 6181 2935 3251 3968 6707 2552 4684 9522 7023 165 6792 3868 6368 2843 7751 9097
25 2519 7711 6875 3108 5783 2852 993 1476 8051 698 7147 4698 9943 6539 7917 3481 7893 1616 7038 6194 4743 5252 2583 4531 8718
25 2571 8965 3461 615 6446 1232 7309 7143 3851 2835 7566 5715 1953 5575 5738 4191 2183 6144 7828 9905 4434 3626 9129 6246 6210
25 2581 6794 3865 8816 3325 8353 2640 5632 3044 4821 3077 5911 589 3660 8680 7175 9959 8365 4680 1878 7955 5429 8888 7069 5390
25 2695 9820 7768 1233 3047 7665 6172 4944 7122 816 8307 3323 8997 2284 2093 735 1151 5574 8769 9525 2096 5242 5254 1579 3975
25 2920 3049 4112 933 9492 8951 5116 4989 9859 4221 1123 3416 8524 8992 250 3788 7632 8340 2647 8752 1549 314 107 9765 5280
25 2949 3708 8203 7196 5678 3468 5553 6460 1271 9362 6953 3536 6325 7853 3483 7012 7997 9161 4465 1172 5127 1190 3529 2794 170
25 3156 7140 3773 95 6615 1355 2602 5009 7493 3761 6974 4569 1065 3413 1654 850 7056 1397 8733 4447 7821 783 2211 635 1254
25 3253 8227 4233 4228 2352 5050 7988 7971 2693 7967 4038 4044 4316 1727 2274 745 8135 5546 1742 1915 9294 1202 4752 3264 2618
25 3580 3655 7792 8521 5107 1352 9900 2515 30 3757 6138 357 4429 8246 7072 2772 2155 1089 3889 4417 5750 2985 2697 5294 2862
25 3629 7186 5189 1997 8128 4021 9763 3155 6885 576 6290 1031 970 5080 5968 1423 5215 6230 3695 8000 8515 6614 4918 9818 8517
25 3696 4877 4575 2440 2041 9429 2360 542 3905 5040 5353 4906 4881 1567 9740 8016 2974 2387 6957 1506 4174 8205 2730 9650 1805
25 3869 3546 5049 3475 2651 2119 8970 9388 1348 8819 3534 1914 293 3813 7966 2728 4849 2803 9760 269 8092 7051 9775 5312 1923
25 4008 3245 8370 9109 2663 1349 6374 9612 76 893 4002 2837 3072 4578 7958 7921 3320 1704 6936 33 4760 1935 5362 8726 994
25 4078 2589 965 2216 6523 3760 7113 5915 1944 8481 4055 3065 1000 2413 738 6753 1505 2951 820 3273 5410 7214 13 5232 3850
25 4094 7810 7779 8285 2754 9273 9964 7715 2630 4014 9784 8933 2777 6977 870 4817 7925 2569 6109 3720 4509 7458 108 3111 9176
25 4309 8029 6164 7572 4940 1487 1864 3228 1096 9157 8960 9716 3300 4982 5963 6637 7396 4023 3177 8418 8579 3995 667 2185 1001
25 4377 9046 4935 448 8042 3169 6716 7562 4689 6253 4893 1772 1519 8822 4974 7541 6362 9618 2727 5788 4928 218 7863 9215 6060
25 4435 19 6206 989 2000 7448 2173 4528 5610 9300 2729 8906 4420 8197 2285 4176 7887 3900 5762 8964 1739 8275 5596 4140 1207
25 4525 6654 4194 4107 6076 5241 4477 7532 6386 8918 5664 1307 6442 9348 5106 7447 888 5412 5886 1798 2746 4519 9210 6434 1210
25 4839 6189 2957 6128 3270 8785 97 2680 3225 4426 1876 9767 1882 7962 6249 4336 3144 9236 9115 4183 7859 5345 1452 6294 3514
25 5018 1414 9267 802 6703 6643 1081 7984 2264 484 3606 4471 1235 3484 2485 7500 162 2317 2002 2902 7705 6032 8082 3688 3749
25 5137 8783 9556 780 8034 7912 3904 1309 7145 2938 8268 5919 1296 2197 9914 5498 5761 2620 4142 8389 5644 5812 6045 5494 1055
25 5299 3527 3291 306 5662 5766 5962 4397 8603 1715 3163 4992 4993 534 1941 7616 5585 1413 7774 8066 644 5024 7163 4778 472
25 5335 6502 2511 5732 982 6399 5400 8610 9074 8366 4777 9542 9533 8842 9510 5035 2459 4923 9519 725 4391 844 317 8722 6113
25 5440 9166 4184 3602 4101 85 4006 5070 4784 8150 3267 5391 8304 9212 1164 4572 2868 5795 3890 1542 4551 5685 4611 86 795
25 5868 2603 1030 2425 5503 8876 7555 6882 4773 5306 4219 6873 8817 8247 2462 5181 1816 75 2824 2709 5469 9280 6148 8226 406
25 5970 4873 1588 2537 3051 9134 9962 4584 1831 4453 7587 3222 1850 3010 4322 6054 9855 6918 2258 2379 5657 2474 8216 70 8594
25 6002 6139 4164 7870 378 6089 674 7829 342 1810 9085 5704 5475 2700 5882 7400 7695 1971 5671 5676 1366 4230 7183 2456 325
25 6031 8489 5480 5626 9116 2831 3746 8028 9789 6684 9302 1130 2956 7076 963 2336 868 3642 7199 3899 7539 7412 8879 2376 5848
25 6252 5227 5890 4088 8575 2771 3952 9248 8339 4472 7077 5872 5502 5729 2913 5490 2476 8202 3954 5624 7359 2946 5964 4904 8337
25 6403 1838 7347 8464 9477 7534 5426 2107 9226 1871 7440 5444 6874 2528 9372 8828 1687 8660 4609 8608 3207 7343 598 6481 998
25 6412 8149 8274 6012 8995 4709 6279 7903 5481 2804 3714 5284 276 6600 9616 3361 3198 9791 7067 9197 4458 4052 2170 7649 1293
25 6466 8630 7927 854 9819 3338 3227 5033 9624 1861 8212 1783 3016 3152 9350 27 5706 2890 3515 1987 9814 4231 1095 1898 3069
25 6670 567 6756 6220 7494 6270 4696 8214 6562 1464 6452 5191 6773 5849 6811 723 6315 4342 3996 8269 9391 8195 3304 6465 3408
25 6783 696 368 9705 3807 6380 1721 9817 6610 2513 6743 4591 4032 7583 8362 5483 9047 3768 4146 4380 6300 7369 2998 1341 9860
25 7005 477 200 935 4587 6967 9539 249 7366 9513 399 2116 8049 2996 154 3452 160 5010 7358 3179 7947 4041 6958 2608 6650
25 7013 7435 3989 8823 7628 9546 4756 3735 7872 9734 543 434 4898 1770 1671 2619 3823 2800 9125 9271 5075 8923 8488 3863 9770
25 7109 5218 4910 1186 9182 6762 3770 3798 4496 395 216 5958 663 6855 6801 9017 8392 3815 3581 1808 6828 4700 9061 7896 4160
25 7270 1228 530 4404 4953 5724 3532 9228 7488 7806 3977 2595 4710 5019 7543 2334 8914 2483 62 8765 9005 3003 2592 2411 5471
25 7399 666 5006 6069 2181 6336 876 1297 4634 196 2051 7507 6655 1382 3707 8286 8966 1807 8483 7963 3254 1419 6876 2814 6795
25 7463 1407 277 5686 2787 8742 8300 5903 6106 5176 4562 4518 8656 3630 487 2871 4238 9076 9098 2131 99 1903 762 8078 6750
25 7475 6485 608 7874 2077 2732 115 508 929 6642 6165 1834 5484 8068 1053 5401 6229 2510 5989 3348 3604 9956 5533 9259 9990
25 7928 7864 9320 2305 9712 9737 6946 979 3425 9056 7259 6116 5904 5258 6560 8936 451 4240 3911 8124 9521 955 401 8622 4716
25 7956 3147 4255 5816 1222 2919 2675 7453 3997 880 3959 1534 5482 6318 9431 2708 884 7482 1284 8619 4181 2064 3417 5446 5179
25 7965 3918 5369 6475 9738 8882 9070 4247 1692 6839 6375 7529 1266 9828 9423 2555 2466 9982 3933 411 2970 7938 7165 5361 5682
25 8175 8932 4833 5712 895 292 1985 1872 8659 4087 3282 283 2461 9548 2494 2499 6256 346 9603 6954 9660 2628 8152 4522 1261
25 8292 3249 457 6430 7492 2613 4356 5441 1292 7866 3593 8749 8153 7292 6754 25 8709 2265 1126 891 4616 1802 1301 6911 8113
25 8310 7687 1002 951 5650 9981 9156 8014 6319 8450 8289 9292 5350 5098 7848 4740 5468 3209 8985 6761 7833 1726 8581 7424 7533
25 8640 4984 3910 956 3502 3949 374 6907 897 8793 5801 7237 3266 1538 2269 6827 1623 5505 9491 8837 3705 2361 1497 2457 3586
25 8773 1384 2626 8133 2999 2591 8272 8266 9441 4772 9534 134 77 2068 8584 7272 6787 6671 5912 3219 8139 8352 4540 1972 8120
25 9256 9090 1142 5957 5593 7636 553 8038 1393 5163 9421 7570 3709 6948 9295 1828 8318 3769 3131 6592 6440 3644 3369 8363 8941
25 9313 3276 7355 8554 6966 6313 4497 3909 4114 7525 3776 6602 4459 7405 2739 8241 9050 2932 3303 9999 1219 7603 5395 679 3110
25 9393 2297 5089 4703 8155 7535 1415 9496 2346 1448 5140 4489 510 5421 4801 6347 63 3467 373 4298 6011 1813 9486 4641 7133
25 9504 1170 6804 9575 4493 7477 9357 6426 6915 2373 6240 1041 3796 9704 6027 787 2403 7200 1754 8625 6411 5895 3641 5874 8947
25 9707 9405 9316 6413 6526 7019 7762 6268 2548 8027 7672 9706 6846 1035 3920 654 5945 7470 2146 6890 7290 2307 4149 6664 6191
25 9913 5615 7314 9104 9872 8273 930 9377 9720 8926 4486 6167 4912 801 4036 3908 3059 4239 8677 9502 3486 6349 2287 5855 3929
25 2465 2424 9627 3375 208 708 1160 8953 281 6775 9407 6444 22 4874 6620 6385 5355 3953 3226 7487 7739 9585 360 5637 5857
25 9976 1637 1363 5663 6538 8665 2075 8505 7167 9607 3550 5537 4919 1827 6947 9471 6564 4837 2705 6508 3322 7376 9797 9461 6152
25 4379 658 4196 3605 1667 3215 3793 4775 8099 4690 5042 1047 4237 385 7377 5741 5832 838 5884 5924 9601 4769 2277 8606 7527
25 3607 1492 8574 3199 8795 3958 105 7197 272 1656 5999 2437 2017 8569 3736 8181 8757 6577 7634 6826 2747 31 5202 2172 263
25 5497 5727 9602 6186 8831 8167 8694 4871 1176 6036 2345 4093 742 4804 8077 4478 2158 3023 6040 5151 6701 8096 8282 1826 1653
25 9847 3005 2642 8146 3112 1886 7456 4895 3584 2601 5532 9142 2189 8729 9665 9312 4917 5397 6797 2692 2067 1077 2806 2300 6016
25 8878 3409 7406 2056 5352 2434 5045 286 4062 2841 4060 8074 3973 8165 7107 7201 647 2826 6586 9343 1848 2458 8717 4451 3064
25 9752 3294 8328 9353 611 8176 7216 8413 7609 4654 9779 9658 9224 7137 973 4501 3730 8349 2120 5354 6217 3957 7951 6052 1226
25 2735 7028 1121 9947 330 7916 5914 2121 938 8598 776 6861 694 6776 8829 1596 8727 7736 6599 7159 6401 4861 1295 6080 4013
25 9084 6404 4661 5212 9681 9158 3839 6297 6751 7594 7935 7007 1682 9886 1672 668 2549 8457 1927 4574 8364 3287 7563 1958 722
25 7429 190 4624 7085 6173 4017 4888 3146 365 5208 6779 515 4442 5157 556 2177 6037 4325 6964 7059 5831 623 2326 3791 4799
25 7657 3236 3334 1399 8187 6871 4724 8645 9882 9968 3428 4809 1058 1932 4234 6588 9802 5319 2792 5927 8994 5435 9168 1865 737
25 4090 3540 9282 6550 7034 8030 5803 4163 9823 4394 2137 3902 4067 1493 5639 3955 6660 5315 8408 4864 5489 8849 4079 8265 9374
25 3442 1784 5954 5347 3119 1565 1246 5967 3811 4675 6888 3027 7352 125 500 760 3223 7139 3552 1445 7469 259 5239 3781 4042
25 5693 6745 7546 5711 761 4541 2667 6850 5394 8293 8383 26 8881 2311 7362 1124 9437 7979 3297 345 5836 5667 5737 3848 8087
25 672 1512 245 2112 2409 127 6672 4433 9687 6963 6728 5117 1145 2567 8317 8201 340 9893 2891 3861 148 6445 6685 1327 6507
25 6822 2233 206 9254 7994 4123 6082 9031 4211 5519 4272 8903 8325 5728 139 8720 3506 9445 1360 5634 3252 6631 6112 7985 675
25 4494 9935 8832 7554 4065 767 4274 847 6868 6591 4473 3447 7944 2719 528 7721 8422 2022 2069 3071 9808 8666 4729 749 2271
25 549 2166 6669 3614 313 6280 8990 6333 1875 3308 5005 9213 3763 8360 1068 8050 9323 5067 9040 4422 9600 5248 7154 2516 295
25 9619 7114 481 4733 8071 5409 2128 8644 2234 8826 7701 8067 3856 2903 3777 2733 743 5331 6166 766 7836 6598 540 1093 1887
25 1305 7612 5996 5621 3539 5124 9809 5452 1568 4685 7462 8344 5733 5093 9708 1906 1131 5618 5843 1575 5096 7202 8320 8897 5029
25 9563 7108 9965 2896 8368 4593 178 9077 1159 3127 9022 405 3101 7773 1965 4748 604 3834 8678 9580 5787 5949 0 1642 1318
25 6263 8557 9813 5182 2600 5660 1062 5514 1541 3079 338 8917 7340 6859 227 2381 7060 3794 6369 9417 4413 6015 1586 7138 1009
25 5192 2738 2681 6567 6119 7239 1098 118 8662 5909 6146 4138 4335 7886 7063 7291 8885 4755 3427 630 1374 2550 5889 9004 8185
25 3055 9649 6410 6021 4704 4607 5193 4491 8444 6203 2561 2109 1629 3178 4082 4026 621 931 7157 8180 6287 4968 1278 5798 2845
25 1097 789 3368 417 4806 9242 6359 2054 8843 6680 3221 3392 4135 5877 9425 2283 954 5638 7225 3835 4129 8790 9792 431 7601
25 4601 8458 209 6058 1835 896 5951 1912 7422 2444 4043 6970 4430 4521 8121 3332 2489 2202 1526 1795 2830 5894 4308 2289 4553
25 9003 8484 9469 9757 4205 2304 1768 9264 1466 1199 918 916 4789 5675 5921 7622 9588 9907 6732 2188 4967 8411 5563 8211 1304
25 2247 7156 6200 6634 2060 595 2543 1220 2766 7231 9103 5734 8127 4915 9293 8732 5898 9261 1691 236 4375 7039 8838 5455 1003
25 2015 1609 1524 2031 6729 853 5087 2906 130 3285 866 8745 2142 7551 5506 2420 9883 7910 9308 3302 9439 5926 7035 7436 9131
25 4742 817 3779 3193 753 1239 1325 3621 7614 9574 894 4312 4878 4902 972 4187 7258 4603 3504 6236 6343 2703 3035 6881 8862
25 700 1605 2401 9549 1465 7856 8245 6932 2977 1774 2945 5061 1286 6763 6376 2012 8944 5916 532 8208 1112 9668 6998 3400 6458
25 423 1323 9255 6645 9130 3117 7729 8407 2191 852 3186 6692 7734 7653 8583 3018 3587 8084 5842 4814 869 9773 3677 3543 3043
25 8518 3197 5983 57 3433 9276 2505 1259 9303 6548 6231 1501 173 8381 9688 2688 8531 2342 9715 5467 6448 6986 6348 5474 5063
25 1273 8290 3362 2573 6398 4713 9101 5564 6190 4266 8261 5587 3489 7397 1853 6382 2222 7304 7421 5776 5095 3638 6273 4040 5273
25 8731 9402 4794 119 2140 1369 3531 485 5211 2125 3894 6682 1078 3980 4560 334 2454 588 1520 5974 3683 3343 6627 2073 1722
25 6689 6150 442 7737 3370 7135 5603 3843 6838 1061 7750 7298 4903 9175 3374 727 3383 7895 1241 3189 755 7052 1425 3335 7375
25 8890 8024 3092 9804 2323 646 3434 3086 3210 2034 774 9163 5597 42 2447 5448 878 8912 6929 2812 6477 341 1180 3665 7713
25 9514 1438 8573 2132 2997 6989 369 2948 7680 9221 5472 4770 7552 1933 2712 2615 4341 1737 3324 1344 2339 1129 2554 2312 3724
25 2720 7287 6208 4050 146 9645 379 7873 1791 7341 6730 1471 6517 7179 7124 1183 9509 2255 5588 51 9692 2161 3571 9993 8163
25 7861 3257 493 9680 7211 8555 578 7569 6103 202 2535 6262 3962 7871 2522 114 6303 5378 6781 6520 9984 221 4126 4883 2441
25 3090 8711 6951 6710 2952 7191 7693 1016 6596 2882 3753 9816 7195 4963 7327 8478 7247 3668 9803 882 5515 3898 9169 1454 2130
25 713 7993 2455 8637 8110 5366 5847 2407 3476 6306 3339 6326 9250 155 8954 6667 8172 5053 8409 1759 7597 4226 4996 5923 4338
25 7936 6135 7638 5566 3701 5913 9151 5465 4224 9754 2504 4941 5512 634 6289 9853 520 6646 3357 4922 6501 8943 3742 9317 5646
25 6277 7198 3396 9769 3789 9475 8493 6582 3673 2439 8004 1905 4464 4512 8081 3881 5346 3822 7845 7257 1552 1698 5978 9940 8870
25 203 5991 8786 7226 6985 5853 9505 2412 8857 9908 1320 7599 9630 8258 6131 1375 1432 5594 6976 5834 9689 6496 4445 2221 391
25 5934 5387 8462 1628 4481 9392 3785 5356 5878 7624 692 5139 7189 9363 6906 2030 6370 5206 6092 8499 2865 8398 9454 4476 7766
25 6901 9406 6307 977 9135 6896 3685 5824 7726 5373 9418 594 9547 7417 441 4505 1894 8287 5266 7390 1022 3140 5659 8641 6271
25 6815 3579 1995 1500 2799 1346 7457 7764 7894 8063 1037 6281 9697 3738 1606 7408 8730 6254 8206 652 5935 1728 8925 685 8122
25 7070 1113 1869 2497 6357 5088 4130 1391 4561 4343 2614 2175 8673 7581 9111 2646 2149 7027 9745 1028 1507 3942 1514 4506 8178
25 4679 3651 2147 210 1647 6639 6283 1710 8026 3135 7651 9083 1854 3242 4360 9969 8052 7607 9063 8655 712 5348 2210 5436 343
25 5445 8302 7379 4705 1913 9842 1211 7271 4802 5094 1741 9113 7860 7365 7969 2010 6691 571 9126 3037 6725 5845 9793 7001 7115
25 1105 3358 5295 3585 6825 4605 546 4206 7793 7142 9358 257 809 7099 4262 4370 6072 6233 367 1242 7540 5130 9781 4962 6748
25 2883 4583 3354 7567 4914 8118 4327 9896 387 9934 6920 1402 7018 8689 4289 331 6276 2579 2083 8053 6193 7509 5937 7289 3478
25 3817 8736 3947 9251 354 7342 353 4031 3278 5670 7178 8544 7353 3391 2351 6299 6554 3089 5081 4284 9057 6096 2833 5057 7783
25 9305 9864 3317 4558 4035 7096 1942 230 4564 8007 1328 1988 3828 7556 8676 752 7031 6549 5144 7989 4061 1938 9714 8372 4432
25 4059 7891 6192 3921 7922 6346 9975 5684 1198 6696 1590 3201 4852 5722 253 8233 2081 9582 5177 8235 452 3274 7673 7899 5631
25 1138 1406 697 3445 9341 907 2275 6757 8691 5527 5171 4985 6414 5000 363 5985 2617 4949 8230 1390 9203 5138 5753 7311 5125
25 5324 7948 9012 7312 9949 7276 2288 524 808 9368 3340 238 2299 5763 4754 1717 6988 2328 3558 9590 8441 8369 383 8083 4725
25 1867 5808 4109 950 2937 1263 691 1785 1709 953 9541 5032 2039 184 4631 5059 5802 1268 3658 3882 5814 1952 1147 2280 9334
25 4758 3596 8902 4202 1529 5043 867 5001 2893 8883 5340 5785 1597 8281 305 2590 2493 4192 3479 8894 6435 8468 1195 1602 2134
25 311 5213 5214 5888 9065 8973 7761 1299 8620 8218 6312 9709 4259 6803 6030 6812 5111 5938 7126 3084 2310 2993 3931 6258 3589
25 6381 7889 2118 211 9457 6251 9249 4857 8159 412 683 8601 9727 1901 3061 9762 5893 3087 468 38 440 7269 1064 2138 9673
25 2917 4387 9806 2167 922 1613 9952 6156 7045 3592 1921 9880 4950 5705 7661 7121 5118 5492 1080 9840 5669 7577 9747 5058 1705
25 6706 7020 1564 4016 8194 1331 8243 9054 4301 4539 3661 1870 8270 8283 8971 6126 5823 6500 5325 2637 1899 3627 1288 6840 4091
25 7957 9347 3068 8088 8955 7041 8263 4884 2040 2089 9270 6609 1918 8471 8161 7675 3713 2761 1608 8577 8866 4390 3520 7042 1547
25 769 3311 5771 1550 9419 5866 3165 8798 3782 10 4128 9278 1964 1289 3503 5255 2471 1829 54 7902 1059 488 4759 3719 3279
25 519 7398 8224 7097 5291 6618 9019 7915 4832 9219 8571 7615 1132 5068 2215 3337 496 6371 848 9051 8095 3681 8648 790 4348
25 5717 3826 9845 1252 2180 3940 1168 7498 1639 2383 2710 7781 261 8387 8003 8896 2124 6623 7518 3056 8982 4172 7476 6433 7467
25 4071 8262 4630 3554 5656 3784 3609 2842 5569 5768 4073 5072 3406 1026 9572 3412 2820 2469 5940 5450 2878 7136 5077 2677 9281
25 606 739 3510 9562 4887 3124 1937 4249 6681 9287 5143 8616 8129 7025 3353 9699 4030 9398 8393 3100 5869 8183 7991 7943 9227
25 8708 1803 5636 3938 8173 3970 6237 3230 285 9240 5379 6171 3832 4423 4762 9009 3491 6395 9404 7324 3488 5209 7350 9241 2691
25 3549 4781 2198 1503 8530 704 1523 3305 4209 2479 8974 5529 806 9748 5796 2162 2572 6668 1998 7170 7740 6941 4823 430 8847
25 7499 5858 2074 290 1557 8412 9132 4353 1787 2228 8976 8437 7106 3352 8526 9102 6145 9904 9551 971 8929 2219 9198 3518 3723
25 1776 1372 1959 9925 6305 46 2924 4638 2057 2037 9351 4997 6137 3397 3387 7656 6661 9174 7644 3876 3745 3265 948 8308 4158
25 3307 1773 9559 4003 1693 921 9655 8296 6905 7918 5314 5600 4460 7206 9389 6001 4500 1766 312 6889 2823 9336 3871 1892 9915
25 8477 3640 6296 35 6023 2385 4617 2885 6134 8017 2923 1468 3979 2279 3935 2027 7678 6972 9124 5897 4530 9451 4976 3611 9970
25 6663 8425 1010 9289 832 9564 4415 8075 6808 8814 4009 2861 9739 4621 1011 6545 1434 9932 3094 8056 7158 6207 3113 3838 5944
25 5235 2942 2657 1777 3879 1181 4213 1376 5534 4499 4106 4075 1357 5478 5522 641 4816 6295 1063 9008 2629 9690 9120 3229 9776
25 5300 8158 7648 3795 9180 3775 5100 4800 1584 2758 9378 1310 859 1094 2545 1017 4738 4581 6516 4670 5544 5813 6782 4683 1559
25 9409 5491 5748 2382 1106 4063 6544 352 8815 8807 688 5259 4647 2834 2582 5605 6075 7970 2723 2194 5578 6594 4841 5758 6170
25 8950 3990 4421 8868 9118 494 4588 5021 3710 9015 5442 1416 3299 8763 748 4333 9895 1917 9332 8899 1801 5431 6973 2200 2724
25 3167 4693 5540 2036 1910 7411 8996 9639 1679 320 11 4547 7260 9395 9866 6938 2496 4492 6768 3423 3633 8724 6959 9614 710
25 563 7325 3188 4657 9171 871 843 2156 5372 3454 2218 9955 171 9629 3076 5128 8417 3096 1556 4812 7423 8251 8371 298 1418
25 9679 3575 9011 497 5495 6570 9928 1004 7381 6866 695 78 9774 2892 9725 6079 5109 3726 9099 9885 9887 4691 3923 3928 4987
25 768 4208 1208 8991 2464 8523 3261 9632 9667 2370 3293 9917 9237 786 9021 7752 4118 1174 6688 486 4508 7087 6322 3591 4156
25 5860 7180 3129 2338 6034 4366 5679 2875 777 8225 8400 2478 4469 6332 3360 9605 8771 3810 4793 4275 8100 5224 5718 7017 231
25 8758 3148 1177 2856 7232 5837 6081 4677 5959 7763 6462 9337 1140 4565 5175 7930 7212 1440 1659 2574 4556 9296 926 8332 6288
25 8670 6123 7248 8614 4585 2745 175 6248 8160 3846 1394 1075 9978 875 815 3419 226 5392 4926 8240 307 2764 1473 3712 8527
25 6916 7320 7372 98 8035 772 8220 8510 463 1012 4851 1217 5002 1136 6802 3598 1049 9728 2849 2223 9200 7869 669 447 7111
25 9888 6329 2495 4973 4652 4070 4089 5782 2846 3295 3277 3141 5166 7802 7960 5164 628 3472 6992 1517 2460 5407 8249 1087 4047
25 6807 2641 1970 6474 5428 7256 6657 9741 1392 3269 7990 4136 3913 8390 2242 5463 9204 9253 7084 7694 480 8130 3046 4844 9354
25 2316 2536 7975 1580 5187 6247 7445 6746 8182 7164 2740 6513 4173 6923 7015 3538 1919 192 8455 6099 9147 3971 4905 8137 8375
25 2061 1860 4848 4666 7246 9897 2053 8945 4314 8534 3154 2762 5309 6264 9597 5339 2038 548 8568 1161 299 6573 7814 9214 3994
25 5086 1630 730 5602 4659 5169 6630 7770 9319 8551 6488 279 6604 4144 2500 1237 9991 5820 9615 2005 9622 7606 5591 3012 5720
25 4058 9463 1955 640 5601 300 7513 3895 6114 5041 5880 3893 3508 539 6738 8930 5759 9501 6071 4431 1128 197 2100 8008 7460
25 4618 109 5554 2992 3038 2930 4195 3694 402 5486 3137 232 1690 600 9958 3684 1405 1238 7980 4766 2490 4077 2253 4568 6919
25 7929 7129 2782 3191 6402 1553 7066 9553 3173 5155 7547 17 9148 53 6490 8778 9344 3884 1157 7544 7664 9390 8279 587 9638
25 7561 1013 3821 3915 5371 1441 1725 7234 9167 9998 9139 909 2768 9929 80 2894 4708 8604 3456 7826 7484 8696 4305 7537 9906
25 7401 4428 2566 6749 9538 6132 244 3946 9584 8721 2959 6830 2062 8495 3525 1711 1975 1713 504 1437 8046 1118 6955 4479 7182
25 2384 5743 150 9654 9751 8151 1859 6865 3765 7809 1308 2244 4323 8824 1446 3091 7517 1032 6143 8702 9007 2905 3080 1204 6127
25 4855 7329 720 7172 2178 9972 9075 1947 2248 9230 689 4168 9821 6483 3376 3774 1821 9399 1571 7593 1427 2145 5536 7235 5398
25 273 5948 2539 7683 9527 5952 4045 7176 310 2909 4033 3241 7217 1316 3577 4526 1706 7244 6408 2807 1086 4134 2679 4 8331
25 6831 2079 8440 9625 6601 4027 5298 6161 8416 7296 3292 6816 693 6530 8039 7155 3764 6310 8011 8355 5972 1658 9 9831 20
25 9325 5237 3786 9483 3663 7811 5861 7564 8928 7647 4264 9366 8532 3982 2365 1621 6720 5414 3206 1044 6616 7395 8538 3134 465
25 3444 9473 7631 9613 5091 8116 5844 523 5462 6806 9376 1435 4265 985 5524 1780 3246 8977 4215 8983 705 5051 7026 8327 4145
25 5769 726 9543 8419 100 9165 4858 1429 3496 1844 5464 3256 3078 9835 8887 1370 2514 5200 8012 7523 145 5922 8452 1522 3588
25 9140 6849 3403 4782 1046 5082 6737 2164 9106 2021 7363 732 6176 8512 1485 4579 2616 3125 5321 2472 4633 4399 3014 1573 4750
25 4948 2538 128 8856 9610 7263 4398 6727 890 793 991 239 4970 1889 9422 7728 3355 7623 1091 3175 6107 1663 4157 6917 4803
25 8703 8020 9636 4410 7208 1537 1412 1338 9192 133 2452 4198 7735 2789 8006 6510 5518 3440 2795 2962 7696 3637 2421 8374 2509
25 117 9920 6765 5892 8421 4099 461 6930 3498 612 3449 7904 4567 3511 7976 3659 9342 4952 9149 2759 427 9493 6521 6533 3857
25 7913 699 9078 6563 4024 2126 5260 4653 4787 1907 3847 6862 4632 7549 8844 6736 4822 7919 5726 522 8825 2448 7219 3903 638
25 6695 6658 6450 6316 6652 8597 6587 8500 1922 2 7791 4845 8539 996 6758 1451 5 673 7519 2372 1149 6373 9749 3255 9172
25 7040 9052 5307 2934 3054 4930 2790 8820 355 5210 9884 8961 943 9447 3136 8776 8846 4110 3548 7559 3698 3676 662 1909 8740
25 3855 9985 5425 8766 607 8806 7169 1643 3752 5305 3182 4092 6552 4345 3960 577 3634 8322 6049 1085 4994 9010 1633 6994 5953
25 3371 5358 8198 3022 6927 2160 1700 599 9379 3474 9114 1387 7454 3650 2389 7333 6687 2071 1244 7850 8223 3441 8580 9396 1247
25 8329 4260 3541 9951 4139 9889 7150 2192 7654 501 6810 6833 7016 3331 2911 9961 4015 2575 9750 4287 7744 8572 2157 1456 2983
25 9675 7230 248 1508 6969 380 6188 4714 3799 2042 2715 517 5561 8473 5383 9565 5680 8466 2363 7317 3922 5269 6576 9721 7641
25 6198 9852 8309 8348 7438 2984 4441 4236 2796 4263 9023 6083 3359 3395 1769 2971 9108 8570 9528 1018 1231 4315 831 4897 2586
25 9449 6199 2718 1723 376 3102 8782 4147 9881 5317 5417 5981 999 4694 4870 6532 1950 6690 8255 4313 9309 4813 2502 3500 2544
25 4307 8209 1267 4250 6886 1453 514 4244 5302 9800 639 5313 7321 7313 9899 7923 7233 625 1442 6018 6872 8683 6715 2238 9517
25 375 1024 9385 7323 8236 1745 5014 5770 6848 2670 575 6863 6679 3682 814 335 9034 9530 8756 3033 9359 3797 1570 4695 8480
25 1040 4706 9030 4629 7663 6274 6476 2565 5386 4125 2633 6436 7939 5479 1187 7571 917 3363 2707 5531 2165 4337 5652 2773 3562
25 222 4885 409 3058 241 8190 2884 3499 5062 6235 8755 8725 9661 9275 9801 6860 4678 7511 919 9036 49 5044 8647 8396 9304
25 1005 8055 364 3966 2981 5838 8506 7691 819 9826 6622 6459 5548 1444 1533 9591 3670 2050 8751 123 2080 4324 316 4490 3755
25 9550 3608 1054 7690 4318 4966 8617 6999 6800 7627 618 1236 9456 3330 1618 2980 5152 5509 2744 8132 4261 3576 690 6266 1139
25 3555 4546 332 5668 4450 9647 382 138 7749 3924 3404 4979 6714 6734 262 4765 3431 3306 4131 6489 7681 8487 3224 4057 5174
25 1135 2714 2690 7662 5453 7730 254 7724 7267 8661 8140 8576 8841 6790 3214 4155 1765 7367 1577 7776 1173 3298 2423 1951 2049
25 3578 3758 8207 9702 8609 2857 5809 9238 280 2498 6447 8591 8010 288 7760 4960 4889 653 5740 8635 2450 6534 3288 6073 2770
25 5424 4414 6202 5240 3057 7777 1475 9729 1960 624 3115 2213 3613 8076 7504 6869 605 3019 9016 4401 6302 2521 6051 8701 3812
25 4894 9452 9869 511 6638 1152 74 4907 8494 4121 1283 9460 1253 7354 9945 5905 827 3153 6428 4412 9013 791 5817 2032 4241
25 920 9128 5025 9634 8445 9684 2045 7207 5630 7149 9758 5249 7505 9049 185 9518 1957 3272 4956 7452 6834 6250 8433 707 3286
25 9799 7210 4815 6818 4544 2209 7679 3754 4406 1840 4843 7094 4188 1572 6282 8215 9093 8356 885 8949 6136 4054 9371 8463 5415
25 2559 8459 4867 6352 8937 4326 5008 5221 8746 3216 4235 1753 2396 8314 1666 8668 4655 1661 981 8663 4474 4418 9196 3858 4292
25 6541 7471 482 782 8546 7816 8585 2122 1264 779 9110 744 3399 6504 3545 8047 5114 1347 7639 14 1336 16 3390 6405 6613
25 961 6884 3603 6842 4645 5695 3099 1364 8111 1255 4646 278 1796 4597 4831 8354 5103 6878 4943 9606 6153 3128 4286 6518 4865
25 372 6110 4717 856 9037 8094 2810 2547 9644 2621 4543 887 5168 5852 6429 4514 6351 3109 8005 6183 2353 9427 4267 6853 1019
25 7952 2357 5205 4020 6261 952 7274 5123 862 1911 4964 4388 2634 7273 2263 7299 1657 1107 8781 8762 7437 6007 3652 9717 8019
25 3654 5875 5887 3114 992 9364 4819 4113 215 3547 4279 5097 3233 2186 4004 8623 2858 2201 8853 4774 8454 5811 2606 1472 5253
25 24 7704 5377 267 6048 7278 189 7516 1539 7065 8108 728 9112 2943 7536 5840 7378 4081 5454 1881 8501 1837 4731 2819 9532
25 2869 6740 8784 6856 4615 2404 1459 121 8072 8064 6820 5292 7708 4468 3074 7449 829 7596 4627 804 650 5833 5760 7772 3402
25 8962 7512 6879 830 4372 4344 3203 6904 5708 2309 1822 9355 6975 5183 7598 9188 2226 3301 5781 2775 2976 5806 1581 4332 136
25 4637 2123 2780 8219 7092 6213 2556 4498 4921 5039 924 6043 5052 7061 7982 344 2668 7185 3716 2624 6770 7905 302 1290 616
25 4150 5113 4836 483 9497 9035 6491 8373 1188 4329 1411 7326 9331 4876 6847 1321 6557 9535 6084 5423 8238 5003 2113 1614 4319
25 6115 3208 5535 3783 2059 2817 8998 9082 2910 3070 8291 4805 8199 8442 7095 6666 3151 1162 6278 9373 6005 6950 4723 7123 2055
25 3988 6493 4507 4405 2927 1968 2260 5219 4892 6059 6625 8833 183 4025 8596 6169 5119 4671 5493 6673 3914 9596 6147 9560 5225
25 5885 1651 41 3566 9100 2578 3867 1282 3271 4317 151 8750 5520 1945 3917 8045 6759 1270 5965 8716 9910 176 7228 4446 3825
25 541 1874 825 9735 1884 8595 1110 3731 15 6619 7091 9643 6612 619 2524 3582 291 426 7526 2136 8451 3533 1599 3656 8414
25 4143 627 6003 9071 5135 1250 8485 9526 4282 235 3877 6542 2204 223 5966 6215 3725 6499 5961 5641 911 9971 5604 8106 4268
25 6228 4959 4665 846 572 9742 8560 5064 4722 912 9247 2955 5925 6014 5568 3523 569 4548 6100 932 9759 8503 9446 4909 2840
25 622 9996 9805 6000 9832 3513 9963 799 6301 582 9879 836 7914 1463 4571 8399 1615 5765 3800 4416 5932 4728 12 2922 8535
25 1833 1593 3991 2212 986 4034 2314 1048 2052 1695 2596 1042 7798 1824 8525 7439 5084 2650 6419 1380 2925 756 5342 5376 2848
25 6961 7553 1218 172 2741 9394 649 3394 9328 4916 4582 7024 3262 5326 5754 2047 6531 7671 6899 879 2114 7717 6158 9589 3120
25 29 7116 8346 665 1845 3345 4227 5451 4111 5692 8431 174 4000 1719 8946 7942 1243 5873 9094 9338 9986 8602 8168 3284 3664
25 1664 2838 4502 2261 233 2802 388 193 2366 2931 7009 1275 4626 1749 7608 339 7550 393 2779 2014 5048 8797 9909 7881 1510
25 55 6457 5282 656 7253 9381 3247 1896 5256 3556 2341 256 2749 4258 9170 1457 8305 5707 6867 3766 2391 2594 9123 1230 7700
25 9523 6558 8040 6984 475 2673 821 1179 4824 7689 7645 3139 7497 2433 198 7280 3382 2533 4321 5276 966 7953 1983 8865 3619
25 9216 1984 5541 7444 1245 9466 4838 137 3450 9155 2501 7790 2099 6117 9327 5427 1498 9173 3934 3464 2301 5688 6943 794 144
25 9283 902 4154 3594 2660 7043 9812 4302 536 7006 5262 2978 6829 6469 8812 1851 5261 9356 9414 4596 4780 7611 4203 6087 464
25 4842 9137 5507 9795 7840 3530 3373 6393 2557 4358 518 8958 9092 7605 525 8496 5078 1205 4797 9217 4161 8910 1287 7002 7161
25 2576 2788 3017 596 6647 91 886 4853 7414 6821 8516 103 3495 1740 5950 7854 7003 7892 8794 7878 9922 2593 4197 6585 3204
25 4346 8376 3426 3666 2551 2044 3623 8987 1638 4515 7650 8009 8250 3560 1388 9788 2232 750 7241 788 6108 5846 1148 6644 9117
25 1888 8586 8382 7337 823 2661 3675 1051 7542 5268 9722 3009 8359 4276 2587 3001 2778 564 4577 526 6606 6844 2961 2926 8210
25 734 8848 7637 5719 7209 2480 1521 7794 7926 3963 6363 6629 4810 7385 9448 3519 2018 3852 8712 2262 7959 1669 7057 4069 1646
25 3149 3951 4080 5477 6584 7282 106 1433 8193 8126 8935 7286 7521 7098 6224 7945 2331 6553 9088 2529 6895 4570 9711 5931 7036
25 7119 3138 7249 8653 1381 1631 2866 1930 2086 1800 9029 5308 6205 28 7897 8632 551 9041 4751 4983 1279 5439 9507 4311 3386
25 4214 8435 4761 1873 5751 8938 9284 4117 2179 7823 592 2159 5625 9686 420 7844 1007 1333 995 5447 2888 2836 770 8939 5697
25 7862 4511 1804 6425 5799 3482 7769 1716 6515 1424 6353 2532 361 2995 1167 5863 5327 4148 3728 7127 8684 7880 5150 3860 8171
25 157 2006 3381 9657 8854 3181 1644 2174 7392 1946 3470 2960 4382 6813 6528 4166 5736 1744 4253 7485 1303 4408 5388 9811 2659
25 2986 6747 9874 3885 102 5622 4328 2898 6345 3121 9043 5102 9470 6928 7584 6091 7868 3187 5745 8333 2689 5198 9494 8430 6997
25 297 8739 1221 6903 1365 1746 294 2648 8109 6519 6184 3748 7782 4739 4122 9258 3485 1764 915 9257 7283 438 4741 3107 5504
25 1978 5990 8351 3840 1496 3290 2290 2921 8148 8627 946 8986 149 6509 7388 3006 9367 5643 7473 1280 8919 602 807 1939 3313
25 3103 2748 8157 6742 6705 159 4270 4594 3231 3463 1626 1714 214 7619 8427 8704 9201 3118 6330 6535 1158 5148 443 1652 3631
25 5341 2026 8835 2967 6648 7425 7629 1589 4019 1688 7394 495 5357 7153 941 4847 2416 5038 5015 2302 5580 4354 1015 437 5020
25 2912 8021 6255 3740 3493 2665 4971 6067 9724 6201 8492 8993 6798 3553 6219 6464 4612 416 3367 2588 7307 6317 2321 8424 2755
25 3281 2436 6536 6503 6182 5170 7466 5076 9324 6857 8705 2344 2016 7528 3336 2832 71 5275 1483 9058 4702 8174 7748 1841 5629
25 5716 2899 3866 5620 5267 7595 8981 6677 2622 2737 7132 3487 6387 5419 3244 7961 6626 2811 5236 2725 4303 5404 5413 424 3880
25 957 2512 6327 1792 7847 8652 6832 7078 9208 8911 8692 2854 6020 5360 1707 609 5363 9973 7688 5613 5131 58 5485 2864 1020
25 6724 4537 9744 1111 4854 1256 7576 6416 8562 5559 4747 2443 4730 5349 6471 4946 6227 988 5775 2716 410 1619 5159 1137 4592
25 445 864 9890 8192 5674 7171 969 6178 8871 2319 3999 3011 6308 6543 1611 5288 8461 9415 3048 1127 1868 6788 2786 6242 2664
25 3693 5359 7373 7277 2781 8761 5899 3469 4072 3992 5083 4251 8669 5975 6561 1632 2111 3998 8777 101 4083 913 8385 4018 2818
25 2020 3196 502 7934 92 6597 2453 509 6120 2933 5023 7788 7635 6149 6175 3820 9839 4576 2369 1849 6195 8589 6088 1677 8147
25 8395 6877 5017 4376 671 1023 5310 1855 5725 9508 7972 8549 2644 8672 8347 7973 287 4304 7426 1185 1825 7073 6993 4185 4929
25 2008 6735 9631 3565 415 3759 949 3986 1203 1771 7220 6785 1116 4100 5513 4439 3318 4598 2855 9772 4484 8861 1544 5876 8556
25 8406 8699 7430 6771 3732 6719 6331 2972 5250 3443 9444 9554 6130 370 7433 7815 8734 8537 6760 9891 3978 4383 3987 758 7937
25 5598 5818 8254 1386 4007 1311 9408 8288 9143 8963 5004 8169 5778 7800 2757 1925 4254 8558 3733 4504 7251 1683 8311 5714 6453
25 3030 1090 5285 9557 5263 8228 9133 5941 857 2375 8590 7046 9193 9506 8221 7238 5110 4527 3941 79 7416 3983 5653 796 5108
25 3471 5034 3830 1272 6101 6893 9272 4046 4074 4701 889 7707 6565 5870 1836 4051 1400 7022 8759 3248 4392 1350 5443 5988 9677
25 7141 842 212 3680 3082 1509 4699 5099 1603 93 1383 7538 9967 1622 3805 8875 4954 9032 4402 8114 9540 5499 3238 8612 2897
25 8102 2791 1527 8093 2751 39 3465 5619 8446 7384 9205 129 72 8438 9060 8886 5277 3183 3192 9069 2564 3422 8156 6595 5538
25 8840 7575 9944 1963 5228 8804 1101 3421 7857 8547 9026 7743 456 1057 1224 9598 7295 721 3407 1021 7676 8380 2007 5865 4374
25 585 6752 4349 3972 908 7642 7837 3507 5635 6708 2390 1345 2087 116 6055 5203 8041 3034 3864 8913 746 3734 1052 3620 3528
25 268 8104 6125 8747 5036 3205 459 2315 9420 6064 4487 5184 6996 9435 1025 8330 1730 5946 1675 1893 5459 7184 3718 8808 8582
25 4495 4437 8588 1755 5433 6407 2072 2467 7940 2713 1395 958 260 8335 5136 9786 5022 2306 9857 140 1495 421 5896 2540 3458
25 1353 5572 2649 9524 7759 8695 4552 8801 1431 83 9593 3212 9718 2991 6090 1856 5573 9672 5752 7338 7432 6991 5545 6241 4846
25 5406 7104 565 5158 8504 2706 3622 8316 8830 680 126 581 9902 9489 9653 1996 2127 5703 764 6046 2815 9467 7524 7789 1343
25 8342 1192 6265 5756 5069 4664 9424 1117 9592 4608 1029 8621 8931 7071 6124 9825 7480 1895 4462 834 9260 7950 3741 8119 1569
25 5649 2736 3263 7380 7692 6422 967 5567 9160 7004 2859 7819 2486 9674 905 4900 9059 1703 2929 8626 4610 3715 8 3559 6439
25 7640 9685 428 9512 2207 5457 8542 7830 7659 7909 2844 1154 2414 5367 5195 591 5286 8474 7450 4668 6621 9997 56 7335 7472
25 1528 9246 1313 1729 8112 7010 7187 8664 350 4340 3145 6122 6129 3961 6572 2295 3516 8315 7589 8467 1398 3671 797 2449 2530
25 583 400 4980 9743 3366 1817 7275 6218 3372 5278 9941 9384 9080 3389 2236 6704 7771 8358 5142 7213 1600 2252 2940 4606 2276
25 2941 945 7465 4613 3818 3729 9027 9089 1598 6880 8031 2144 1976 1262 3916 632 6937 7264 324 479 1665 7310 6461 3679 9766
25 8204 1734 1276 6340 8615 2076 6098 7370 3509 1317 9150 1761 4218 855 7032 2088 6980 7775 3653 4288 8707 8384 9024 7459 5665
25 3025 4648 47 8940 645 6805 6094 1790 3570 7865 9843 6522 8361 676 8170 9807 5742 9995 7144 7300 8836 5839 7166 8674 7825
25 1735 5393 5562 7884 6512 5238 3981 1820 6793 6605 7757 3150 5956 7328 9664 8469 4182 5190 3243 5673 3703 7297 3687 3535 6342
25 5304 9974 4863 507 6216 3364 4278 2184 6391 9785 7021 386 9863 5217 7371 2371 6328 5828 6640 6731 6933 89 7409 7011 8710
25 4829 7451 6836 9579 9209 1143 8667 9950 5188 1897 5172 6339 3161 9153 5007 6162 1036 8744 5281 6796 5141 349 6676 8519 3032
25 741 9544 4673 6764 7386 4503 4879 2043 9810 9321 3907 3351 1670 1885 4936 5196 4719 4818 1153 3162 2094 1751 2224 321 9796
25 5381 6924 3557 9871 3232 9159 6962 6925 538 3436 9783 863 4369 3446 3296 4252 9081 7029 7308 8479 2734 9656 6093 9938 6260
25 9979 5744 3462 1201 169 2979 6593 4532 6898 8624 3 9988 2237 34 8297 7168 7747 784 466 2853 204 3612 3836 2286 247
25 8559 7846 4299 9954 7785 1169 7503 7573 7920 2636 9397 8811 9091 3873 5850 4835 4827 2195 6022 6417 3727 7489 8613 818 3737
25 6321 8323 1223 2245 9138 4256 1455 9837 5201 3967 714 5689 7531 50 8248 8905 2872 5438 7522 3932 4908 7722 3405 392 1006
25 3743 3384 326 6293 9410 5557 7697 9073 6921 2078 2580 9571 8513 450 4210 2085 5199 7105 8611 2870 9154 4977 2623 6364 8350
25 9581 3160 435 4602 6078 4958 1595 1752 3432 5864 282 1034 2358 3912 9039 3158 8443 2427 407 7204 2827 1585 4927 3093 7986
25 1269 8566 2904 7787 6814 1880 454 9844 2359 7502 678 9894 6556 6697 5789 7590 5542 5365 9178 8999 3106 2671 6365 566 3289
25 6039 5112 6711 2639 6244 2394 3648 5879 7407 7796 3595 1668 731 9870 6636 4334 558 7658 7053 4726 2491 5942 4820 4296 6221
25 8520 2426 8410 4411 5584 5579 3646 9911 9229 6713 6926 6187 6995 1486 6077 2239 3164 2058 4672 3280 8386 5065 9383 327 976
25 3457 1973 5920 4115 5422 9846 9440 716 5289 8428 4365 9152 8141 5851 8845 6791 7835 9352 1216 2070 4753 3819 6118 811 1378
25 8728 2106 3512 1 8529 1511 7778 9701 1981 5411 6581 1818 1229 2256 4438 1763 7443 6095 5056 7054 7349 3787 9095 8654 181
25 4687 315 8448 2235 6537 2187 659 7080 7998 1967 4692 453 4359 9218 1477 3060 7545 8472 4151 7954 9434 3870 8404 3887 224
25 3564 8449 3490 6498 422 4371 8800 3466 1470 490 9671 433 7520 3628 309 124 179 5231 3944 2726 9746 4189 6212 8980 2597
25 580 1635 5516 9464 7284 6698 462 516 8760 2332 3213 7588 771 4925 96 4868 1401 5153 4483 5337 2098 3184 845 5854 9916
25 6649 7357 1640 3842 6026 9858 2343 4937 3031 5026 1337 5243 2611 1782 7486 2672 2918 5918 6017 1354 5251 5883 7831 2609 557
25 61 4223 5757 7668 1281 1182 8869 7592 9694 6378 5385 8343 1450 2560 1033 2517 2674 4216 5030 4534 4563 5296 8091 2839 3643
25 4788 7082 6245 9511 6024 5701 397 3691 275 8334 5122 6617 3747 9683 43 8975 2699 8561 1122 9854 3415 1641 5825 5900 5173
25 5161 7346 7666 4141 8298 9570 8257 4796 4104 194 9462 7125 3551 6686 8280 8972 9285 4427 6472 9145 7083 2196 9669 7356 8874
25 6456 2928 9830 4869 633 1422 2388 9438 5134 8553 1499 4368 6061 8821 4053 8522 7767 5403 7756 9465 308 6019 5055 9569 3097
25 8179 5654 7255 6392 7110 3098 2969 8401 7712 4012 7368 7510 7978 6777 2405 9245 9453 9066 3309 9719 9266 9609 535 7410 7252
25 6952 3170 8338 5511 66 6589 6902 7817 8743 8253 8470 4660 6823 9400 5611 3888 5648 7514 460 3964 2879 5147 6441 3185 2627
25 7877 5510 2973 8791 2033 775 7907 1069 6437 3174 9490 537 3130 4452 9730 7420 8592 5755 5178 6468 7427 702 18 1758 5723
25 7799 9768 6420 266 3721 6066 6163 9370 7754 3610 3377 9939 322 7741 6525 8907 2380 1574 7495 228 5162 3792 1191 906 4120
25 489 3029 9045 9002 3993 177 8827 4924 1934 4248 5180 9848 5552 5681 6267 2988 5987 3831 4193 1379 1940 8090 6944 6559 7404
25 9207 9851 9286 8085 9202 9604 2395 1008 959 2154 1702 1832 2950 841 2102 7360 3563 6852 1076 8456 6702 251 2337 5819 8618
25 8184 5332 168 1601 6580 2320 2966 2568 2468 5247 5470 2994 5577 5984 813 9723 2889 6524 6487 555 4269 3349 8735 3347 2225
25 8420 5487 7446 2916 5642 3439 1620 8864 4456 9006 6423 8415 4454 4850 3004 2752 6388 5488 642 8942 7803 7618 4339 3690 5571
25 8675 328 5090 9345 8188 6956 8968 1067 6443 736 7090 4947 8628 4461 5614 5570 6841 2475 5013 7279 2318 3180 8070 9577 3021
25 6424 3104 1200 2825 8367 6744 9641 5323 8491 9330 6234 5384 1999 7797 2873 5270 7128 1274 6355 2503 3388 491 7834 9700 1300
25 5245 166 7574 4520 1079 3451 2110 9980 2874 2863 153 6897 1604 1806 6180 9119 8117 4436 191 6817 9067 927 432 980 7795
25 6160 1689 9927 476 7882 4744 2108 7415 5329 8741 3635 4746 547 7250 8436 4373 2860 4116 4972 4676 1367 5460 5047 9311 3259
25 7468 5060 9144 5054 3636 7746 2477 2541 7900 4711 4457 6940 7582 9233 9515 2816 2487 2953 8514 4444 1991 6323 4779 6492 4622
25 1866 6851 6473 8772 559 7344 5702 4159 9433 4096 6415 1516 7177 3437 2584 7294 264 4306 1546 6065 8834 7964 455 2463 8700
25 3692 1852 7086 1685 657 9177 3657 833 8901 9361 2765 6042 4663 2294 6225 2553 3649 9662 9841 2266 1662 2669 9014 5458 3985
25 8578 4352 4875 4028 2217 7745 396 6179 7194 1396 5786 5216 6008 5805 824 7855 1249 9310 9206 5129 2643 7413 6635 5508 5859
25 9121 9191 3073 9042 2105 3326 2115 408 8502 6463 304 243 8855 8738 6086 2097 6651 9500 861 68 5521 9960 9646 8884 5370
25 1993 8629 8434 1949 1733 2954 3930 1197 8097 5092 6712 2129 8107 682 1449 3081 9587 4737 7981 6394 7600 3041 9220 962 5606
25 3239 5856 5829 7434 2900 3315 3901 3314 2272 3672 5780 4190 2148 701 7160 478 1916 6214 4229 2625 5617 2908 1961 1962 9380
25 9901 8073 8915 1460 4595 8378 9028 4449 6683 936 8545 6397 1340 5739 8498 5430 8388 7033 664 4589 3872 296 8232 4911 5501
25 7911 9459 533 506 751 4400 8631 1330 7383 7755 4688 9428 5943 7832 9865 6400 3711 765 5197 9898 9861 3095 4424 9918 8154
25 9411 8792 4720 3616 1474 6062 425 3157 2402 3039 7062 4549 1566 8920 2350 2419 6568 6232 2968 8802 6311 6177 6151 2090 7058
25 1563 5746 9633 3319 2654 156 8984 8033 6864 5556 8775 733 6006 213 8234 1554 7254 5612 1928 3040 9567 6334 6665 7146 3969
25 4882 271 7102 8989 529 9481 8018 2612 7222 724 3316 2947 1926 7330 2214 4650 4381 2001 8658 1285 822 9484 2821 8552 8054
25 5902 2784 9815 3398 161 2368 9346 7501 4856 2063 5226 4407 4715 8810 5645 9531 1083 4999 835 1954 1114 5011 5616 840 3380
25 7229 5721 9628 4938 4643 8737 6579 9268 8186 8105 6047 3235 1322 6478 4674 3927 2484 9726 5328 4859 562 2767 3042 8490 4186
25 4066 9595 6360 1491 942 9561 5160 9623 1924 1591 6772 6774 7285 1502 8013 505 2428 4991 1708 5791 6421 763 3378 6 7093
25 6965 2963 975 2982 2776 6784 1660 8638 1389 8605 5389 684 4535 5979 1696 9235 9315 2481 860 5290 648 2259 2610 7393 4955
25 610 3459 9487 9450 3778 1189 8062 1504 2645 1339 6578 7101 5396 3700 2678 7890 8465 7242 4037 246 3950 1060 9637 6931 9573
25 7318 3329 839 6454 3194 6484 2270 544 3007 8136 2400 6858 186 4076 6314 5633 3312 7332 2392 5432 8142 6070 9499 5334 8921
25 2429 3202 718 2570 6809 2291 6659 7361 9474 255 8872 7192 2632 7723 1650 347 1811 6427 446 5264 3260 6035 9977 1306 9329
25 6633 9691 9926 7698 4764 1494 8809 5074 1748 561 9225 8264 2084 9933 8528 1610 6497 2066 4931 6275 4998 9290 1084 2408 8543
25 2278 9087 6547 3116 8306 5437 872 3790 384 5658 8693 6298 9162 7875 5416 687 7306 6010 389 9921 9648 2133 3780 9829 8957
25 2774 1100 1904 9164 881 64 458 6909 9322 9983 6939 3808 3674 9318 4102 2257 6894 4361 3166 9426 1482 9608 6981 9834 8301
25 9020 2520 2399 7442 225 9263 1480 7339 6987 2722 112 9072 2190 7418 968 521 681 418 4095 7481 7885 371 5434 7586 2273
25 2418 8426 2783 3936 9617 709 2330 4866 8125 9479 6799 9403 414 7820 7725 9663 904 2092 6383 7348 9787 1014 9277 9635 6467
25 9291 8713 5120 9620 4171 2527 1943 1193 6140 1681 4440 3473 3455 4419 8357 2655 9756 4169 5609 4283 1213 4795 7996 3218 9430
25 9626 1625 1518 5303 9537 9833 8780 4293 4167 7205 2546 5420 8813 803 4395 3639 8900 7780 5185 4604 4363 1969 3965 910 6185
25 9187 9306 4686 164 3477 4119 8851 8239 6571 2438 37 1525 3939 2785 9488 5993 3171 167 4005 5555 9301 5599 1966 2019 6479
25 8509 7319 6942 5156 5287 403 2415 8312 8550 6406 1513 7130 7265 4745 703 3526 2029 6284 3063 6449 6358 8636 4295 5592 4103
25 4586 3067 7580 2333 9761 5374 9222 4767 6769 3328 7288 3824 1125 104 8889 4222 7670 8405 6934 9942 3702 1731 6968 4127 7173
25 4644 8774 4048 4137 6480 2240 4347 2206 2901 6824 3689 1277 8115 8060 5827 3401 923 2750 3350 4466 4896 2103 3172 4951 4243
25 2327 6377 7876 9314 1319 7068 8058 3751 4642 1420 5929 3052 9682 8336 3878 4771 6506 620 4757 8924 2046 900 8397 5476 4538
25 4098 5500 284 2686 8259 9062 8164 7924 5380 6678 4443 8599 333 3283 8651 2895 6837 6835 573 8267 8657 131 1377 1562 6063
25 7227 5698 3066 8681 9576 2406 3829 7822 1368 4625 3573 6574 997 6033 1409 8679 574 6050 4721 2446 7079 1847 6546 8319 4891
25 6694 2915 1908 2635 7203 9265 2702 7474 8904 3341 6908 4351 9868 2876 7995 1673 2701 603 2987 5560 5316 2598 1141 4320 6494
25 219 4170 4153 849 6196 9232 3896 6041 2534 5154 740 3045 1291 8294 471 1890 3806 651 1793 9875 5867 7813 2492 778 2163
25 2176 3849 655 4957 1587 990 3429 1248 6699 7483 2631 7718 9877 7047 7302 2091 5936 237 593 3744 1617 1403 6569 6819 3883
25 1815 3424 6409 5351 1324 7134 3624 1045 9298 2599 2805 1649 940 4152 1839 5530 3956 1103 1877 1144 4808 7374 579 9753 2169
25 3008 7677 7236 7193 1902 643 40 2989 3075 1592 4825 7100 2430 9946 8697 7852 2028 7 4600 8934 4510 9189 5973 4790 5543
25 5222 8277 1260 1863 3802 4636 1779 7727 6883 7266 8177 2990 4280 3379 5696 978 9924 7765 5797 4934 6482 7008 5661 6789 1948
25 8271 8979 3833 7710 660 5713 934 2065 8511 1980 4212 8166 3234 3521 6372 3897 132 5223 362 73 7268 4257 8043 757 3618
25 9670 8715 5699 3220 5690 7387 5031 6056 21 8764 6527 9798 3841 3013 7322 1548 858 9693 5079 4132 8321 3945 6470 805 626
25 2944 3891 2717 3906 7364 3122 23 5933 7987 8688 4988 1956 8143 6590 851 9989 8643 4557 323 4199 8341 5204 898 6603 4662
25 6361 2422 1655 3615 8191 8719 2292 3859 5301 9436 4290 4232 3142 8567 9966 5496 7655 4640 4599 8685 9642 8508 8278 9558 8131
25 3321 4455 9640 6141 8671 2355 7812 1531 9141 3925 8748 5233 9651 1535 8439 7703 110 5066 2182 5871 258 4811 8429 7131 8217
25 3647 499 199 1102 531 2652 7515 1417 6451 9333 1814 6540 1857 1974 6990 8162 6949 5297 5028 9931 4463 1234 7906 7824 5244
25 8564 2742 1830 2442 1686 3393 147 3505 3750 670 1781 5565 5969 5271 7674 1214 9096 2347 6028 8423 9568 9552 5977 8044 1150
25 7716 2293 7602 984 9375 7808 4623 7075 65 3767 1720 6505 9239 7699 3704 2367 337 9365 8714 8036 3275 9307 8482 8001 3617
25 113 3572 9105 5012 1215 1443 5764 1891 8788 4718 1027 4978 3568 8200 4732 4727 7667 7050 8256 7261 9432 8080 1312 7758 2208
25 6913 4200 6718 5779 1146 7118 7048 1979 9838 3574 9583 4217 5274 2936 4932 4513 5947 6887 1039 8908 9340 188 2329 9736 1212
25 6607 7428 4246 3026 9199 9948 715 2048 2104 4840 1767 5810 9442 217 1358 4573 4975 6766 3600 5683 7983 6845 6384 7731 1038
25 3168 7585 8536 3036 6222 7941 9288 5998 6104 3645 2153 6891 4712 974 220 8805 3132 706 1694 3814 3492 8391 7968 5046 2117
25 2313 892 9586 5627 3435 5576 8486 2760 6157 1819 8563 2684 8863 1989 6628 9122 9578 781 8818 9339 2604 436 6514 5265 4124
25 1724 1674 498 7686 4862 1436 377 7221 6641 4204 90 686 9269 8015 2150 773 9856 1108 7621 6335 7888 7977 329 9545 5841
25 5402 1251 4207 8682 7901 3418 2095 3085 7490 4669 800 9867 914 1351 1298 5930 207 5774 1484 597 944 4162 9764 9937 8069
25 6900 5710 4807 7382 348 4384 2558 1166 3854 5473 6495 5167 3919 2685 5257 5165 1196 1858 7218 1225 3460 901 3126 2964 9536
25 2507 2523 2605 7579 6009 8324 4834 4939 5901 3501 6982 7403 5071 1163 4736 9360 4933 785 5691 429 7617 8877 9936 1931 1558
25 5343 6068 419 1797 5628 3669 6344 1799 1428 2694 4942 4890 3438 2254 9386 1329 3497 5085 4763 5246 3250 4364 4049 5891 142
25 3667 8967 4225 8079 9710 7643 2525 4559 3845 1736 527 6778 964 6431 983 2267 4386 3937 5338 5283 1594 8313 8607 759 7049
25 554 8447 9696 6575 5344 6013 7301 7843 4667 2151 5694 6396 6025 8048 7932 2763 717 5418 3268 7660 8891 5735 729 8898 9326
25 7088 1530 7243 32 4749 4872 8687 8229 4734 9994 5992 3686 1072 7720 1373 1678 8754 631 4707 5773 4516 1680 2152 3984 1134
25 8587 1778 3200 5234 552 1738 8686 2023 2241 8345 7560 242 2445 5793 8922 3662 4961 1462 1478 3143 9676 937 4393 5318 1929
25 6418 2143 3632 2731 9127 1846 7037 9482 4628 8916 2139 2887 2721 2451 94 2303 9695 1156 6653 5272 899 1074 4273 3892 1410
25 9698 6786 6338 4658 9923 5994 1458 6674 3597 2526 6038 2340 3756 4097 6320 5595 5677 5528 229 2349 7530 6717 4220 5408 5586
25 8698 1489 3105 7174 617 120 5792 8895 2829 1071 5104 5862 9335 9957 5186 7738 4448 1760 6723 2822 5399 5731 234 1439 7441
25 6780 4084 2881 7190 5830 7933 4965 6566 319 3772 614 5908 812 4165 2003 3344 3809 44 5145 4542 6700 8858 7742 590 2813
25 6767 3024 1240 1977 2473 9458 3974 2374 2281 4533 5976 8593 1743 5589 3926 4175 4425 9107 143 5822 3886 2298 3522 1088 6870
25 6044 6155 3083 3420 7479 2797 5910 6379 2082 6085 5651 9480 6945 9416 7706 9211 6935 87 2743 6074 390 637 7281 2227 2508
25 4056 3976 3411 3453 2653 7558 8956 2397 2141 4357 5767 6105 7331 3448 6675 1092 7030 7089 36 5207 8145 301 9025 5449 3346
25 2531 9412 318 2577 4403 9044 4828 5608 3561 2808 613 2431 545 1469 359 45 7851 9413 9794 2251 9771 469 9146 398 9476
25 3410 2335 1206 1634 5375 8101 1257 1104 9038 4378 1555 9185 2793 2004 2687 8852 2101 6624 3803 1334 4791 6914 4554 4350 939
25 5881 7117 1986 3583 3190 2011 6121 2393 2769 8540 4682 3053 9194 7419 7345 503 8839 8634 5461 3015 8507 8089 7719 2243 7223
25 1879 3176 9382 6356 8642 2377 7014 9992 9790 4651 9919 8284 6854 1171 2378 6432 3804 270 2249 4860 4995 1120 1699 7714 8377
25 8086 9495 5777 4656 9678 8860 711 8533 2607 7610 2268 2325 1920 7786 2662 2542 570 6551 8723 2704 1636 8260 9850 7733 2658
25 8189 5466 135 8059 7682 7633 4776 7931 9659 7620 7879 8242 6608 5747 2282 4201 3217 1099 1607 7074 7669 5623 8541 4281 8022
25 2828 6304 3717 1430 4485 8303 6243 8023 6223 5523 5364 4620 8476 5525 4039 7652 903 6354 7431 9048 6209 7801 2847 8770 8850
25 1794 6004 9297 8796 7684 560 883 865 9000 5794 8649 2231 2398 9086 3599 5333 5115 7841 8706 289 8867 1809 7391 8123 9472
25 7849 9401 439 4396 7245 3062 9652 987 9001 4330 9136 7351 8779 6174 6960 2199 5772 2638 1362 2798 792 4785 7565 5293 6111
25 394 6239 7000 9179 2585 252 636 9849 6722 7148 274 6583 5558 4681 798 3365 1385 1936 2488 4010 1356 5368 4649 5666 5672
25 6269 513 8803 6739 4880 1109 3258 2025 7898 5804 5016 5986 7646 195 4389 1775 4385 8859 8276 5960 2013 2914 7151 9827 3569
25 6843 661 4920 3542 5815 8909 2809 8244 1461 7262 2024 2756 2348 6755 5906 9053 8394 925 9599 4179 5749 1408 828 1823 8789
